0009 0004 1710052379402 16.25 -56.5 0.48473792897186263 1
0009 0007 1710052379409 3.25 -67.5 5.387340527054372 1
0009 0001 1710052379410 39.0 -64.5 1.1351457830353744 1
0009 0004 1710052379410 3.25 -57.5 0.23930100291016002 1
0009 0007 1710052379411 211.5625 -71.0 5.221670601962723 1
0009 0001 1710052379411 26.0 -66.0 1.055378782065321 1
0009 0004 1710052379412 -9.75 -57.5 0.28225246497095796 1
0009 0007 1710052379412 -3.25 -71.0 5.534602682691394 1
0009 0001 1710052379413 32.5 -65.0 1.0492428589137786 1
0009 0001 1710052379617 -16.25 -64.5 1.086058397823034 1
0009 0004 1710052379618 -13.0 -57.5 0.30066023442558565 1
0009 0007 1710052379619 -114.6875 -71.0 5.688000761479957 1
0009 0004 1710052379620 -6.5 -58.0 0.15339807878856412 1
0009 0001 1710052379622 74.8125 -65.0 0.7301748550335652 1
0009 0007 1710052379623 9.125 -73.0 2.2396119503130363 1
0009 0001 1710052379877 91.125 -65.5 0.5645049299419159 1
0009 0004 1710052379878 9.75 -58.0 6.234097921967246 1
0009 0007 1710052379879 -10.9375 -74.5 5.307573526084319 1
0009 0004 1710052379880 35.75 -58.0 6.105243535784852 1
0009 0001 1710052379881 39.0 -65.0 0.44178646691106466 1
0009 0001 1710052379882 22.75 -65.5 0.3436116964863836 1
0009 0004 1710052379884 -19.5 -58.0 6.068427996875596 1
0009 0000 1710052380128 -3.5625 -75.0 4.865787059173254 1
0009 0004 1710052380129 -26.0 -57.5 5.988660995905543 1
0009 0001 1710052380130 39.0 -66.0 0.1227184630308513 1
0009 0000 1710052380131 -1.9375 -74.5 4.522175362686871 1
0009 0004 1710052380132 6.5 -58.0 5.810719224510809 1
0009 0001 1710052380133 -97.625 -66.0 0.16566992509164924 1
0009 0000 1710052380134 4.0625 -75.0 1.184233168247715 1
0009 0001 1710052380135 58.5625 -66.0 5.988660995905543 1
0009 0004 1710052380136 -22.75 -58.0 5.749359992995383 1
0009 0000 1710052380368 -4.375 -74.5 1.3008157081270237 1
0009 0004 1710052380368 26.0 -58.0 5.638913376267617 1
0009 0001 1710052380369 39.0 -66.5 5.896622148632405 1
0009 0000 1710052380371 -2.4375 -73.5 1.2640001692177683 1
0009 0001 1710052380372 -26.0 -65.5 5.921165841238575 1
0009 0004 1710052380373 0.0 -58.0 5.651185222570702 1
0009 0000 1710052380374 1.8125 -73.5 1.3008157081270237 1
0009 0001 1710052380617 -68.3125 -65.5 5.93343768754166 1
0009 0004 1710052380618 9.75 -58.0 5.577554144752192 1
0009 0000 1710052380619 0.5625 -73.5 1.214912784005428 1
0009 0004 1710052380620 -39.0 -58.0 5.638913376267617 1
0009 0001 1710052380621 -61.8125 -66.0 5.970253226450915 1
0009 0000 1710052380622 4.875 -73.5 1.2701360923693108 1
0009 0001 1710052380866 -39.0 -65.5 6.111379458936394 1
0009 0004 1710052380867 -97.625 -57.5 5.749359992995383 1
0009 0000 1710052380868 -7.3125 -73.5 1.3192234775816514 1
0009 0004 1710052380869 -32.5 -57.5 5.681864838328415 1
0009 0001 1710052380870 39.0 -66.0 5.939573610693203 1
0009 0000 1710052380871 -13.375 -74.5 1.368310862793992 1
0009 0004 1710052380872 -39.0 -57.5 5.712544454086128 1
0009 0001 1710052380873 -55.3125 -65.5 6.166602767300278 1
0009 0000 1710052380874 -5.4375 -73.5 1.5278448647340985 1
0009 0004 1710052381116 -19.5 -57.0 5.890486225480862 1
0009 0001 1710052381117 29.25 -65.5 6.277049384028044 1
0009 0000 1710052381118 6.0625 -73.0 4.945554060143307 1
0009 0000 1710052381119 -29.25 -69.5 2.5034566458293663 1
0009 0001 1710052381120 48.8125 -63.0 0.30066023442558565 1
0009 0004 1710052381120 13.0 -56.0 6.062292073724054 1
0009 0006 1710052381366 0.0 -75.0 0.521553467881118 1
0009 0007 1710052381367 -4.0 -75.0 5.148039524144211 1
0009 0004 1710052381368 35.75 -56.5 6.2034183062095325 1
0009 0000 1710052381369 74.8125 -69.0 2.60776733940559 1
0009 0001 1710052381370 -35.75 -63.0 0.5645049299419159 1
0009 0006 1710052381371 9.75 -72.5 3.7981364308048478 1
0009 0004 1710052381372 -13.0 -56.0 0.07363107781851078 1
0009 0001 1710052381373 -13.0 -63.0 0.5951845456996288 1
0009 0000 1710052381374 61.8125 -69.5 2.9391071895888885 1
0009 0006 1710052381375 172.5 -71.0 3.6754179677739964 1
0009 0001 1710052381617 -19.5 -63.5 0.5460971604872883 1
0009 0004 1710052381617 -6.5 -56.5 0.02454369260617026 1
0009 0000 1710052381618 0.0 -69.5 2.9206994201342606 1
0009 0006 1710052381619 30.875 -73.5 0.803805932852076 1
0009 0000 1710052381620 -19.5 -70.5 2.9391071895888885 1
0009 0004 1710052381621 -13.0 -56.5 0.006135923151542565 1
0009 0001 1710052381622 6.5 -63.0 0.5890486225480862 1
0009 0006 1710052381623 -18.25 -73.5 4.331961744989051 1
0009 0001 1710052381867 -26.0 -64.5 0.8160777791551611 1
0009 0004 1710052381867 0.0 -56.5 6.234097921967246 1
0009 0000 1710052381868 -179.0 -71.5 2.9820586516496865 1
0009 0006 1710052381869 2.6875 -75.0 1.0799224746714913 1
0009 0001 1710052381870 -35.75 -63.5 0.9142525495798421 1
0009 0004 1710052381871 -39.0 -56.5 0.01227184630308513 1
0009 0000 1710052381872 -52.0625 -72.5 5.985593034329772 1
0009 0006 1710052381873 15.8125 -73.5 4.1417481272912315 1
0009 0003 1710052382117 2.4375 -76.5 6.234097921967246 1
0009 0004 1710052382118 -6.5 -56.5 6.264777537724958 1
0009 0001 1710052382118 -52.0625 -63.5 1.012427320004523 1
0009 0006 1710052382119 9.75 -73.5 4.221515128261284 1
0009 0000 1710052382120 -15.8125 -73.5 6.037748381117884 1
0009 0003 1710052382121 2.25 -77.0 0.04908738521234052 1
0009 0004 1710052382122 -22.75 -56.5 0.0 1
0009 0001 1710052382123 -32.5 -63.5 1.030835089459151 1
0009 0006 1710052382123 8.5 -73.0 4.246058820867455 1
0009 0000 1710052382124 -17.6875 -73.5 6.025476534814799 1
0009 0003 1710052382367 6.125 -76.5 6.160466844148735 1
0009 0001 1710052382367 6.5 -64.0 1.0246991663076084 1
0009 0004 1710052382368 -3.25 -56.5 6.264777537724958 1
0009 0006 1710052382369 13.375 -73.0 4.080388895775806 1
0009 0000 1710052382370 7.625 -75.5 2.742757648739526 1
0009 0003 1710052382371 0.25 -76.5 0.0 1
0009 0001 1710052382372 -9.75 -64.0 1.086058397823034 1
0009 0004 1710052382372 -29.25 -56.5 6.277049384028044 1
0009 0006 1710052382373 -11.5625 -73.0 4.289010282928253 1
0009 0000 1710052382616 -2.875 -75.0 5.994796919057086 1
0009 0003 1710052382617 -0.125 -76.5 6.154330920997192 1
0009 0004 1710052382618 -13.0 -57.0 6.234097921967246 1
0009 0001 1710052382618 -16.25 -64.0 1.0737865515199487 1
0009 0006 1710052382619 -2.4375 -73.0 4.2092432819582 1
0009 0003 1710052382620 -0.8125 -76.5 6.1850105367549055 1
0009 0001 1710052382621 6.5 -63.5 1.0737865515199487 1
0009 0004 1710052382622 -13.0 -56.5 6.227961998815704 1
0009 0006 1710052382623 5.4375 -73.0 4.178563666200486 1
0009 0003 1710052382866 -15.375 -77.5 0.23316507975861744 1
0009 0004 1710052382867 -26.0 -56.5 0.02454369260617026 1
0009 0001 1710052382868 -3.25 -63.5 1.1596894756415448 1
0009 0006 1710052382869 -123.6875 -72.5 4.270602513473625 1
0009 0000 1710052382869 0.0 -74.0 6.234097921967246 1
0009 0003 1710052382870 -8.1875 -76.5 0.1227184630308513 1
0009 0007 1710052382871 1.8125 -74.5 5.313709449235861 1
0009 0008 1710052382872 0.4375 -76.5 1.6873788666742053 1
0009 0000 1710052382873 78.0625 -69.0 3.749049045592507 1
0009 0006 1710052382874 45.5625 -68.0 4.221515128261284 1
0009 0001 1710052382874 22.75 -64.0 1.380582709097077 1
0009 0004 1710052382875 3.25 -56.5 0.5031456984264903 1
0009 0008 1710052382876 16.25 -75.0 4.902602598082509 1
0009 0006 1710052383117 -52.0625 -67.5 4.417864669110647 1
0009 0000 1710052383118 3.25 -65.5 4.221515128261284 1
0009 0004 1710052383118 19.5 -56.5 0.6258641614573416 1
0009 0001 1710052383119 52.0625 -64.5 1.4542137869155878 1
0009 0008 1710052383120 68.3125 -72.5 1.6935147898257479 1
0009 0004 1710052383121 -19.5 -57.0 0.803805932852076 1
0009 0001 1710052383121 35.75 -64.5 1.533980787885641 1
0009 0000 1710052383122 39.0 -64.5 4.3933209765044765 1
0009 0006 1710052383123 -139.9375 -66.5 4.71238898038469 1
0009 0008 1710052383123 -65.0625 -72.0 1.6321555583103222 1
0009 0001 1710052383124 -19.5 -64.5 1.509437095279471 1
0009 0000 1710052383125 13.0 -65.5 4.479223900626073 1
0009 0004 1710052383126 -42.3125 -56.5 0.8099418560036186 1
0009 0006 1710052383126 -120.4375 -66.5 4.767612288748572 1
0009 0008 1710052383127 0.0 -71.5 1.7978254834019713 1
0009 0001 1710052383366 -16.25 -63.5 1.4296700943094176 1
0009 0006 1710052383367 6.5 -67.5 4.638757902566179 1
0009 0008 1710052383368 71.5625 -73.0 1.6751070203711202 1
0009 0004 1710052383368 -6.5 -55.5 0.607456392002714 1
0009 0000 1710052383369 -45.5625 -66.5 4.522175362686871 1
0009 0003 1710052383370 -4.375 -76.5 0.4540583132141498 1
0009 0006 1710052383371 -29.25 -68.0 4.798291904506286 1
0009 0001 1710052383371 26.0 -63.5 1.1965050145508 1
0009 0000 1710052383372 133.4375 -70.0 3.865631585471816 1
0009 0004 1710052383373 -9.75 -56.0 0.4479223900626072 1
0009 0003 1710052383373 -24.0625 -75.5 0.32520392703175593 1
0009 0004 1710052383616 -13.0 -56.5 0.2270291566070749 1
0009 0006 1710052383617 -71.5625 -70.0 4.957825906446392 1
0009 0001 1710052383617 71.5625 -64.5 0.9817477042468103 1
0009 0003 1710052383618 -3.375 -76.5 6.22182607566416 1
0009 0001 1710052383619 71.5625 -65.0 0.9510680884890975 1
0009 0004 1710052383619 0.0 -57.0 6.264777537724958 1
0009 0006 1710052383620 -68.3125 -71.0 4.841243366567084 1
0009 0001 1710052383866 71.5625 -65.0 1.0185632431560658 1
0009 0006 1710052383867 -224.5625 -71.5 5.00077736850719 1
0009 0004 1710052383867 3.25 -57.5 6.258641614573416 1
0009 0001 1710052383868 42.3125 -65.0 1.0062913968529805 1
0009 0006 1710052383869 -104.125 -71.5 4.792155981354743 1
0009 0004 1710052383870 3.25 -57.5 6.270913460876501 1
0009 0004 1710052383870 -16.25 -57.5 6.270913460876501 1
0009 0001 1710052383871 42.3125 -65.0 0.8713010875190442 1
0009 0006 1710052384115 -12.1875 -73.5 4.669437518323892 1
0009 0004 1710052384116 9.75 -57.0 6.178874613603362 1
0009 0001 1710052384117 16.25 -65.0 0.7669903939428205 1
0009 0004 1710052384117 32.5 -57.0 6.0991076126333095 1
0009 0001 1710052384118 9.75 -65.0 0.6749515466696822 1
